
##################################################
features 0
f1_score: 0.398875
             precision    recall  f1-score   support

          0       0.37      0.34      0.35      2000
          1       0.31      0.32      0.31      2000
          2       0.28      0.19      0.23      2000
          3       0.54      0.75      0.63      2000

avg / total       0.38      0.40      0.38      8000
##################################################
features 1
f1_score: 0.357
             precision    recall  f1-score   support

          0       0.34      0.35      0.35      2000
          1       0.29      0.28      0.28      2000
          2       0.26      0.16      0.20      2000
          3       0.46      0.64      0.53      2000

avg / total       0.34      0.36      0.34      8000
##################################################
features 2
f1_score: 0.3085
             precision    recall  f1-score   support

          0       0.32      0.31      0.32      2000
          1       0.25      0.23      0.24      2000
          2       0.28      0.23      0.25      2000
          3       0.36      0.46      0.41      2000

avg / total       0.30      0.31      0.30      8000
##################################################
features 3
f1_score: 0.334
             precision    recall  f1-score   support

          0       0.38      0.08      0.13      2000
          1       0.45      0.27      0.34      2000
          2       0.00      0.00      0.00      2000
          3       0.31      0.99      0.47      2000

avg / total       0.29      0.33      0.24      8000
##################################################
features 4
f1_score: 0.399
             precision    recall  f1-score   support

          0       0.41      0.13      0.19      2000
          1       0.37      0.46      0.41      2000
          2       0.31      0.11      0.16      2000
          3       0.43      0.90      0.58      2000

avg / total       0.38      0.40      0.34      8000
##################################################
features  5
f1_score: 0.40125
             precision    recall  f1-score   support

          0       0.38      0.26      0.31      2000
          1       0.31      0.47      0.38      2000
          2       0.32      0.17      0.22      2000
          3       0.55      0.70      0.62      2000

avg / total       0.39      0.40      0.38      8000
##################################################
features  6
f1_score: 0.49325
             precision    recall  f1-score   support

          0       0.36      0.21      0.26      2000
          1       0.44      0.32      0.37      2000
          2       0.38      0.55      0.45      2000
          3       0.73      0.89      0.80      2000

avg / total       0.48      0.49      0.47      8000
##################################################
features  7
f1_score: 0.4335
             precision    recall  f1-score   support

          0       0.39      0.28      0.33      2000
          1       0.48      0.19      0.27      2000
          2       0.33      0.41      0.37      2000
          3       0.51      0.85      0.64      2000

avg / total       0.43      0.43      0.40      8000
##################################################
features  8
f1_score: 0.50225
             precision    recall  f1-score   support

          0       0.38      0.30      0.34      2000
          1       0.49      0.37      0.42      2000
          2       0.41      0.43      0.42      2000
          3       0.65      0.91      0.76      2000

avg / total       0.48      0.50      0.48      8000
##################################################
features  9
f1_score: 0.500375
             precision    recall  f1-score   support

          0       0.32      0.11      0.16      2000
          1       0.44      0.58      0.50      2000
          2       0.41      0.41      0.41      2000
          3       0.66      0.91      0.77      2000

avg / total       0.46      0.50      0.46      8000
##################################################
features 6 8 9
f1_score: 0.535
             precision    recall  f1-score   support

          0       0.43      0.18      0.26      2000
          1       0.48      0.56      0.52      2000
          2       0.43      0.50      0.46      2000
          3       0.72      0.90      0.80      2000

avg / total       0.51      0.54      0.51      8000
##################################################
features 6 7 8 9
f1_score: 0.54275
             precision    recall  f1-score   support

          0       0.44      0.19      0.26      2000
          1       0.49      0.57      0.53      2000
          2       0.43      0.51      0.46      2000
          3       0.74      0.91      0.81      2000

avg / total       0.52      0.54      0.52      8000
##################################################


#############features 6 7 8 9
f1_score: 0.54275
                      precision    recall  f1-score   support

     direct     1       0.44      0.19      0.26      2000
     duplicate  2       0.49      0.57      0.53      2000
     indirect   3       0.43      0.51      0.46      2000
     isolate    4       0.74      0.91      0.81      2000

      avg / total       0.52      0.54      0.52      8000
#####################################